9999999999999999999999999999999
9999999999999999999999999999999
9999999999999999999999999999999
9999999999999999999999999999999
9999999999999999999999999999999
9999999999999999999999999999999
9999999999999999999999999999999
0000000000000000000000000000000
9999999999999999999999999999999
9999999999999999999999999999999
9999999999999999999999999999999
9999999999999999999999999999999
9999999999999999999999999999999
9999999999999999999999999999999
9999999999999999999999999999999
9999999999999999999999999999999
9999999999999999999999999999999
0000000000000000000000000000000
9999999999999999999999999999999
9999999999999999999999999999999
9999999999999999999999999999999
9999999999999999999999999999999
9999999999999999999999999999999
9999999999999999999999999999999
9999999999999999999999999999999
9999999999999999999999999999999
9999999999999999999999999999999
0000000000000000000000000000000
9999999999999999999999999999999
9999999999999999999999999999999
9999999999999999999999999999999
9999999999999999999999999999999
9999999999999999999999999999999
9999999999999999999999999999999
9999999999999999999999999999999
9999999999999999999999999999999
9999999999999999999999999999999
0000000000000000000000000000000
9999999999999999999999999999999
9999999999999999999999999999999
9999999999999999999999999999999
9999999999999999999999999999999
9999999999999999999999999999999
9999999999999999999999999999999
9999999999999999999999999999999
9999999999999999999999999999999
9999999999999999999999999999999
0000000000000000000000000000000
9999999999999999999999999999999
9999999999999999999999999999999
9999999999999999999999999999999
9999999999999999999999999999999
9999999999999999999999999999999
9999999999999999999999999999999
9999999999999999999999999999999
9999999999999999999999999999999
9999999999999999999999999999999
0000000000000000000000000000000
9999999999999999999999999999999
9999999999999999999999999999999
9999999999999999999999999999999
9999999999999999999999999999999
9999999999999999999999999999999
9999999999999999999999999999999
9999999999999999999999999999999
9999999999999999999999999999999
9999999999999999999999999999999
0000000000000000000000000000000
9999999999999999999999999999999
9999999999999999999999999999999
9999999999999999999999999999999
9999999999999999999999999999999
9999999999999999999999999999999
9999999999999999999999999999999
9999999999999999999999999999999
9999999999999999999999999999999
9999999999999999999999999999999
0000000000000000000000000000000
9999999999999999999999999999999
9999999999999999999999999999999
9999999999999999999999999999999
9999999999999999999999999999999
9999999999999999999999999999999
9999999999999999999999999999999
9999999999999999999999999999999
9999999999999999999999999999999
9999999999999999999999999999999
0000000000000000000000000000000
9999999999999999999999999999999
9999999999999999999999999999999
9999999999999999999999999999999
9999999999999999999999999999999
9999999999999999999999999999999
9999999999999999999999999999999
9999999999999999999999999999999
9999999999999999999999999999999
9999999999999999999999999999999
1111111111111100000000000000000
9999999999999999999999999999999
9999999999999999999999999999999
9999999999999999999999999999999
9999999999999999999999999999999
9999999999999999999999999999999
9999999999999999999999999999999
9999999999999999999999999999999
9999999999999999999999999999999
9999999999999999999999999999999
